C:\HOME\FMI\MASTERsem1\VF\minisat-master\build>minisat C:\HOME\FMI\MASTERsem1\VF\equivalence-chain-principle\9cd3acdb765c15163bc239ae3a57f880-FmlaEquivChain_4_6_6.sanitized.cnf eq2.out > eq2.stats
============================[ Problem Statistics ]=============================
|                                                                             |
|  Number of variables:         54411                                         |
|  Number of clauses:          419808                                         |
|  Parse time:                   0.63 s                                       |
|                                                                             |
============================[ Search Statistics ]==============================
| Conflicts |          ORIGINAL         |          LEARNT          | Progress |
|           |    Vars  Clauses Literals |    Limit  Clauses Lit/Cl |          |
===============================================================================
|       100 |   51815   419808  1150632 |   153929       96     17 |  4.771 % |
|       250 |   51810   419808  1150632 |   169322      241     17 |  4.780 % |
|       475 |   51810   419808  1150632 |   186254      466     15 |  4.780 % |
|       812 |   51807   419808  1150632 |   204880      800     14 |  4.786 % |
|      1318 |   51804   419808  1150632 |   225368     1303     15 |  4.791 % |
|      2077 |   51800   419616  1150140 |   247905     2036     17 |  4.799 % |
|      3216 |   51799   419616  1150140 |   272695     3174     22 |  4.800 % |
|      4924 |   51773   419616  1150140 |   299965     4856     20 |  4.848 % |
|      7486 |   51751   419184  1149048 |   329961     7366     19 |  4.889 % |
|     11330 |   51692   418536  1147422 |   362957    11123     20 |  4.997 % |
|     17096 |   51625   417480  1144752 |   399253    16771     20 |  5.120 % |
|     25745 |   51491   415980  1140942 |   439179    25201     20 |  5.367 % |
|     38719 |   51367   414624  1137426 |   483097    37891     22 |  5.594 % |
|     58180 |   51240   413352  1134204 |   531406    57114     28 |  5.828 % |
|     87372 |   50910   409116  1123194 |   584547    85529     32 |  6.434 % |
|    131161 |   50365   403860  1109094 |   643002   128011     37 |  7.436 % |
|    196845 |   49779   396000  1088112 |   707302   191051     40 |  8.513 % |
|    295371 |   48894   387828  1066530 |   778032   286820     41 | 10.139 % |
|    443160 |   48156   375924  1033812 |   855835   429967     39 | 11.496 % |
|    664843 |   47815   372624  1024422 |   941419   651005     35 | 12.123 % |
|    997368 |   46546   357264   978552 |  1035561    62161     19 | 14.455 % |
|   1496156 |   46275   353280   966600 |  1139117   560387     23 | 14.953 % |
|   2244338 |   46104   351264   960552 |  1253029   188873     24 | 15.267 % |
===============================================================================
restarts              : 5559
conflicts             : 3134121        (4668 /sec)
decisions             : 46184233       (0.00 % random) (68790 /sec)
propagations          : 712984581      (1061964 /sec)
conflict literals     : 89095526       (20.80 % deleted)
CPU time              : 671.383 s

UNSATISFIABLE